-20.0	-10.0	-30.0	0.0	0.0	0.0	0.0	0.0	
1.0	1.0	1.0	1.0	0.0	0.0	0.0	800.0	
1.0	0.0	0.0	0.0	1.0	0.0	0.0	200.0	
0.0	1.0	0.0	0.0	0.0	1.0	0.0	100.0	
0.0	0.0	1.0	0.0	0.0	0.0	1.0	200.0	
pivot[4][2]
-20.0	-10.0	0.0	0.0	0.0	0.0	30.0	6000.0	
1.0	1.0	0.0	1.0	0.0	0.0	-1.0	600.0	
1.0	0.0	0.0	0.0	1.0	0.0	0.0	200.0	
0.0	1.0	0.0	0.0	0.0	1.0	0.0	100.0	
0.0	0.0	1.0	0.0	0.0	0.0	1.0	200.0	



pivot[2][0]
0.0	-10.0	0.0	0.0	20.0	0.0	30.0	10000.0	
0.0	1.0	0.0	1.0	-1.0	0.0	-1.0	400.0	
1.0	0.0	0.0	0.0	1.0	0.0	0.0	200.0	
0.0	1.0	0.0	0.0	0.0	1.0	0.0	100.0	
0.0	0.0	1.0	0.0	0.0	0.0	1.0	200.0	



pivot[3][1]
0.0	0.0	0.0	0.0	20.0	10.0	30.0	11000.0	
0.0	0.0	0.0	1.0	-1.0	-1.0	-1.0	300.0	
1.0	0.0	0.0	0.0	1.0	0.0	0.0	200.0	
0.0	1.0	0.0	0.0	0.0	1.0	0.0	100.0	
0.0	0.0	1.0	0.0	0.0	0.0	1.0	200.0	



X_1 = S_2
X_2 = S_3
X_3 = S_4
